[gd_scene load_steps=3 format=3 uid="uid://cw4b2re5p5ki3"]

[ext_resource type="PackedScene" uid="uid://h7imqy88eg21" path="res://models/EnemyModel/soldier.glb" id="1_x3w78"]
[ext_resource type="Script" path="res://scenes/enemies/soldier_model.gd" id="2_o1fix"]

[node name="soldier" instance=ExtResource("1_x3w78")]
script = ExtResource("2_o1fix")

[node name="Skeleton3D" parent="Armature" index="0"]
bones/0/rest = Transform3D(1, 2.67621e-10, 1.06064e-10, -2.708e-10, 0.999513, 0.0311983, -9.7663e-11, -0.0311983, 0.999513, 2.76486e-10, 1.02686, -5.79939e-09)
bones/0/position = Vector3(0, 1.02686, 0)
bones/0/rotation = Quaternion(-0.015601, -4.77049e-18, -1.27394e-17, 0.999878)
bones/1/rest = Transform3D(1, -2.06867e-10, -2.38582e-07, -5.00908e-08, 0.977529, -0.2108, 2.33264e-07, 0.2108, 0.977529, -5.22959e-11, 0.577576, -1.10485e-08)
bones/1/rotation = Quaternion(0.105997, -1.18538e-07, -1.26359e-08, 0.994367)
bones/2/rest = Transform3D(-0.91959, 0.392874, -0.00283964, -0.392391, -0.918771, -0.0434864, -0.0196937, -0.0388753, 0.99905, 0.210137, 0.507644, -0.0253859)
bones/2/rotation = Quaternion(-0.00575142, -0.0210221, 0.979465, -0.200432)
bones/2/scale = Vector3(1, 1, 1)
bones/3/rest = Transform3D(0.999472, 0.0279948, -0.0164902, -0.0317019, 0.951417, -0.306269, 0.00711514, 0.30663, 0.951802, 6.65896e-08, 0.299514, -6.15637e-09)
bones/3/rotation = Quaternion(0.155123, -0.00597446, -0.0151091, 0.987761)
bones/3/scale = Vector3(1, 1, 1)
bones/4/rest = Transform3D(-0.993512, 0.113644, 0.00143369, -0.113597, -0.992569, -0.0436233, -0.00353446, -0.0435036, 0.999046, 0.0923133, 0.0113188, -0.0238939)
bones/4/rotation = Quaternion(0.0104307, -0.0214455, 0.998055, -0.0576025)
bones/4/scale = Vector3(0.999972, 1, 0.999996)
bones/5/rest = Transform3D(0.99871, 0.050524, 0.00501273, -0.0507709, 0.994473, 0.0919043, -0.00034164, -0.0920403, 0.995755, 4.092e-08, 0.522198, -2.67755e-09)
bones/5/rotation = Quaternion(-0.0460455, 0.00134045, -0.0253564, 0.998617)
bones/5/scale = Vector3(1, 1, 1)
bones/6/rest = Transform3D(0.999977, -0.00670732, -0.000152123, 0.00182757, 0.294144, -0.955759, 0.00645533, 0.955737, 0.29415, -1.9907e-08, 0.420743, -1.08266e-08)
bones/6/rotation = Quaternion(0.593815, 0.00710045, -0.00341267, 0.804563)
bones/6/scale = Vector3(1, 1, 1)
bones/7/rest = Transform3D(-0.91959, -0.392874, 0.00283964, 0.392391, -0.918771, -0.0434864, 0.0196937, -0.0388753, 0.99905, -0.210137, 0.507644, -0.0253859)
bones/7/rotation = Quaternion(0.00575142, -0.0210221, 0.979465, 0.200432)
bones/7/scale = Vector3(1, 1, 1)
bones/8/rest = Transform3D(0.999472, -0.0279948, 0.0164902, 0.0317019, 0.951417, -0.306269, -0.00711515, 0.30663, 0.951802, -5.6345e-08, 0.299514, -1.74623e-08)
bones/8/rotation = Quaternion(0.155123, 0.00597446, 0.0151091, 0.987761)
bones/8/scale = Vector3(1, 1, 1)
bones/9/rest = Transform3D(-0.993512, -0.113644, -0.00143369, 0.113597, -0.992569, -0.0436233, 0.00353446, -0.0435035, 0.999046, -0.0923133, 0.0113187, -0.0238939)
bones/9/rotation = Quaternion(-0.0104306, -0.0214441, 0.998055, 0.0576034)
bones/9/scale = Vector3(0.999972, 1, 0.999996)
bones/10/rest = Transform3D(0.99871, -0.050524, -0.00501273, 0.0507709, 0.994473, 0.0919043, 0.000341642, -0.0920403, 0.995755, 9.61882e-09, 0.522198, 8.73115e-10)
bones/10/rotation = Quaternion(-0.0460488, -0.00134045, 0.0253582, 0.998616)
bones/10/scale = Vector3(1, 1, 1)
bones/11/rest = Transform3D(0.999977, 0.00670732, 0.000152125, -0.00182756, 0.294144, -0.955759, -0.00645533, 0.955737, 0.29415, 7.567e-10, 0.420743, -3.0268e-09)
bones/11/rotation = Quaternion(0.593816, -0.00710106, 0.00341191, 0.804562)
bones/11/scale = Vector3(1, 1, 1)
bones/12/rest = Transform3D(-0.997992, 0, 0.0633349, -0.0633349, 0, -0.997992, 0, -1, 0, 0.178033, 0.101044, -0.0747299)
bones/12/position = Vector3(0.178033, 0.101044, -0.0747299)
bones/12/rotation = Quaternion(-0.0224035, 0.706752, -0.706752, 0.0224035)
bones/12/scale = Vector3(1, 1, 1)
bones/13/rest = Transform3D(-0.993521, 3.72529e-09, -0.113644, -0.113644, -1.19209e-07, 0.993521, -3.72529e-09, 1, 5.96046e-08, 0.151658, 0.51682, 0.471244)
bones/13/rotation = Quaternion(-0.0402446, 0.705961, 0.705961, -0.0402446)
bones/13/scale = Vector3(1, 1, 1)
bones/14/rest = Transform3D(-0.997992, -1.86264e-08, -0.0633349, 0.0633349, -3.57628e-07, -0.997992, -3.72529e-09, -1, 2.98023e-07, -0.178033, 0.101044, -0.0747299)
bones/14/position = Vector3(-0.178033, 0.101044, -0.0747299)
bones/14/rotation = Quaternion(-0.0224035, -0.706752, 0.706752, 0.0224035)
bones/15/rest = Transform3D(-0.993521, -7.45058e-09, 0.113644, 0.113644, 5.96046e-08, 0.993521, -1.49012e-08, 1, -1.19209e-07, -0.151658, 0.51682, 0.471244)
bones/15/position = Vector3(-0.151658, 0.51682, 0.471244)
bones/15/rotation = Quaternion(0.0402446, 0.705961, 0.705961, 0.0402446)
bones/15/scale = Vector3(1, 1, 1)
